4
2 15 20 1 
0.386639 
0.43836 
-0.718393 1.11879 0.620202 
-0.535546 1.00668 0.870961 
-1.00799 1.06065 1.2273 
1.14578 -1.33755 -1.07758 
1.1236 -1.24736 -1.08345 
-0.562483 0.902955 1.00253 
1.42705 -1.16951 -1.518 
0.00665116 -0.814279 -0.0081047 
-0.495807 0.658596 0.743875 
-0.302661 0.916022 0.758185 
0.0690669 -0.23471 -0.937827 
1.1972 -1.35827 -1.12143 
0.114465 -0.543936 -1.02035 
-0.342608 0.105775 -0.0999235 
0.261161 -0.596812 -0.774015 
-0.399126 0.0124391 0.0988461 -0.151707 -0.122615 -0.410852 0.455422 -0.0477688 0.386425 0.477468 0.32715 0.335991 0.330429 0.0137937 0.444763 -0.220737 
-0.211826 0.547906 0.468428 0.166901 -0.300796 -0.211226 0.562279 -0.869694 -0.246428 0.343382 0.250727 -0.55348 -0.517101 -0.595592 0.212741 -0.613301 
-0.224463 0.338643 0.550014 0.686832 -0.380597 -0.825368 0.117778 -0.90054 -0.442891 -0.129536 0.624294 0.059629 -0.634755 -0.432944 0.350061 0.0563542 
0.16879 -0.0121791 0.562542 0.701937 -0.879462 -0.799193 0.674236 -0.640032 -0.301388 -0.0139255 0.526689 -0.639801 -0.0762224 -0.431638 -0.369744 -0.712317 
0.0708857 -0.433786 0.451725 -0.208865 0.285576 -0.21129 0.356094 0.101789 -0.195749 0.387938 -0.282624 0.443978 0.181848 -0.382701 0.347162 -0.483857 
-0.141717 -0.322228 0.234731 -0.498075 0.104966 0.270234 -0.438224 0.562278 -0.173399 -0.407482 -0.0984254 0.343485 0.545301 0.420789 -0.394596 0.395194 
0.27447 -0.819586 -0.842998 -1.0203 1.37214 0.862916 -0.504399 1.42313 0.686071 -0.25422 -0.61086 0.00768593 0.867854 0.605666 0.327432 0.594139 
-0.467102 0.561641 0.812152 0.479258 -0.672695 -0.254262 0.170469 -0.546861 0.003259 0.268672 -0.0084446 -0.0133371 -0.822989 -0.432437 0.254935 -0.178439 
0.049607 0.232068 -0.509373 -0.244894 0.424588 -0.405195 -0.366164 0.318372 0.433161 -0.311135 -0.0679637 -0.333373 -0.223716 -0.033255 0.354701 -0.143322 
0.0590008 -0.662834 -0.00772392 -0.305754 0.0552655 0.400847 0.0800795 0.302116 -0.3739 -0.423026 -0.750085 0.626663 0.152773 0.505258 0.502526 0.499091 
0.412498 0.247988 -0.548679 -0.596394 -0.0470454 0.0599929 0.175234 0.112229 0.164172 -0.0702789 0.160596 -0.405563 0.0169447 0.252874 0.0737017 0.535653 
-0.197201 -0.526103 -0.0500769 -0.675675 0.554321 0.417448 -0.535082 0.675279 0.407816 -0.566619 0.232821 0.616936 0.710459 0.661359 0.0847733 -0.0420571 
0.137632 -0.000376361 0.551838 0.620407 -0.35491 -0.739493 0.634691 -0.728472 0.121776 -0.188385 -0.043972 0.0854192 -0.883631 -0.523388 0.044544 0.0164479 
-0.162101 -0.338713 0.565384 0.211148 0.191736 0.0250323 -0.174382 0.184062 -0.413313 0.559996 -0.013068 -0.298342 -0.530631 0.168983 -0.16019 0.0590904 
-0.281364 -0.359685 -0.377098 0.231538 -0.588545 0.336455 0.0256891 0.159974 -0.054267 0.443058 0.158585 0.0495853 -0.543738 0.097197 -0.348854 -0.297733 
0.0408615 -0.151431 -0.159402 -0.997396 0.942455 1.22755 -0.961962 1.21517 0.0851187 -0.198841 -0.892306 0.681705 1.25474 0.841889 -0.145792 0.302649 
-0.423918 -0.0450894 0.603568 0.770354 -0.965176 -0.543027 0.269754 -0.855674 -0.39589 0.650672 0.769893 -0.340853 -1.12704 -0.00711547 0.0553855 -0.0388422 
-0.183951 -0.57828 -0.180913 -0.644534 0.861184 0.482499 -0.575954 0.632883 0.347395 -0.0294484 -0.299943 0.141708 0.610327 0.429137 0.248347 0.648415 
-0.229669 -0.292577 -0.428347 -0.0289624 0.662703 -0.0807663 -0.555882 0.299247 -0.267081 -0.0864887 -0.138885 0.318145 0.0146475 -0.199322 0.315801 0.187431 
-0.228352 -0.684309 -0.560478 -0.564116 1.00669 0.80816 -0.669272 1.01165 0.0175651 0.0457783 0.0225352 0.358581 1.17086 0.510857 -0.211351 0.410357 
-0.00391033 0.404798 1.64205 1.69377 1.9022 0.16997 -1.17695 -3.04814 1.65299 -0.239901 -1.12258 -0.35059 -1.43967 1.61521 0.476027 0.357674 -2.86143 2.26711 -1.68929 -0.635954 -2.22262 
