4
2 15 20 1 
-0.00262232 
0.471587 
-0.831578 0.858912 1.05687 
-1.52438 1.3007 1.38653 
0.989652 -1.45568 -0.767249 
-0.53696 0.590422 1.26314 
0.33307 -0.486943 0.127441 
0.192503 -0.895982 -0.347401 
-0.115985 0.725413 0.452983 
0.830195 -0.67112 -1.39688 
0.278539 -1.26075 -0.318458 
1.07437 -0.894322 -1.39338 
-0.617675 0.727486 0.924401 
0.49142 -0.948583 -0.7866 
-0.0564682 -0.174924 -1.13289 
-0.766874 1.2265 0.776699 
-0.862658 1.18289 0.89472 
0.00228231 0.657669 0.450748 -0.876626 -0.0348735 -0.452231 -0.117196 0.196371 -1.00864 -0.218632 -0.963395 0.726853 -0.841528 -0.451962 0.418696 0.64954 
-0.161812 -0.585243 -0.871715 1.05999 -0.016577 -0.217501 0.133828 -0.228865 0.695876 0.62107 0.865733 -0.171144 0.762804 -0.134686 0.0570145 -0.357775 
0.104158 0.267206 0.16369 -0.327528 -0.0186749 0.162396 -0.377801 0.591164 -0.331747 0.088001 -0.224907 0.0326748 0.231146 -0.430259 0.186369 0.124876 
0.0529982 -0.457602 -0.201104 -0.0490137 -0.656717 0.381359 -0.0712493 -0.060342 0.623617 0.290286 0.589866 0.00201331 0.254916 0.550259 -0.360605 -0.564384 
0.39903 -0.55974 -0.270195 0.237859 -0.350291 -0.0627257 -0.44858 -0.0866979 0.196432 0.181408 0.0545267 0.371976 -0.291519 -0.369798 -0.384386 -0.445454 
0.312549 -0.117472 -1.22035 1.15755 -0.805469 0.571273 0.338374 -0.414575 1.06984 0.91879 1.11938 -0.514908 1.00227 0.884975 -0.904517 -0.440667 
-0.0582251 -0.124862 -0.22924 0.145914 -0.0665978 0.150101 -0.438318 -0.566958 0.622506 -0.218591 0.5791 -0.0924664 0.0586801 0.309232 -0.170085 -0.115465 
0.072324 0.224011 0.0689804 -0.201325 -0.463476 0.00411001 -0.352727 0.0556435 0.275569 -0.447286 -0.268889 -0.366228 0.409824 0.261883 -0.317297 0.219103 
0.468415 -0.406407 -0.184968 0.122859 -0.0947664 0.199939 0.199419 0.10559 -0.367204 0.239471 -0.051416 -0.136596 0.0120791 -0.146722 0.369569 0.376318 
0.393098 -0.0565933 -0.771859 -0.0626961 -0.220847 0.407333 -0.0737792 -0.353693 0.765343 0.542587 0.489497 -0.10214 0.465642 -0.127016 -0.660169 -0.496985 
0.771968 -0.602328 -0.853648 0.695929 -0.669533 -0.109818 0.832794 -0.232353 0.567447 0.610314 0.858588 -0.574565 0.922588 0.405109 -0.36148 -0.61022 
-0.342847 0.336948 -0.386622 -0.159006 0.443117 0.00656384 0.331273 0.417805 -0.334754 0.277885 0.524553 0.0869594 0.124123 0.353423 0.0683924 0.203289 
-0.901023 0.866447 0.929249 -1.20553 0.725449 -0.053479 -0.814514 0.345588 -0.901667 -0.274502 -0.589089 0.197203 -0.925383 -0.394025 0.792557 0.466693 
0.411887 0.280687 0.333003 -0.181691 -0.0918463 -0.240908 0.0109302 -0.226845 -0.376096 0.400943 0.0768841 -0.405846 -0.0519637 -0.149539 0.156902 0.388669 
-0.33059 0.00871058 0.535591 -0.73346 0.574854 0.263228 -0.473996 -0.125693 0.107453 0.0289585 -0.850666 0.616035 0.155361 -0.458688 0.112292 0.485587 
-0.0337128 -0.458432 -0.734022 0.532486 -0.201003 -0.281041 0.692213 0.321581 0.532424 0.384498 0.0736044 0.0202524 0.763623 0.329751 -0.288158 -0.712135 
0.780687 -0.300979 -1.22381 0.867301 -0.938035 0.4787 0.597538 -0.0999331 1.10844 1.09872 1.30765 -0.566177 0.546545 0.940373 -0.859777 -1.04817 
-0.284111 -0.0410282 0.21025 -0.17389 -0.00163786 -0.18844 0.301187 -0.336971 -0.186322 0.0749369 0.163013 -0.0735952 0.0737025 0.362403 0.574281 -0.0374747 
-0.00992063 -0.00335898 -0.294305 -0.323711 0.0693937 0.274482 -0.126889 0.0665609 0.408039 -0.160253 -0.330801 0.503899 0.267008 -0.450498 0.477418 -0.273121 
0.173125 0.0851125 0.0714694 -0.489168 0.388059 0.258477 -0.565574 0.511049 -0.0472259 -0.672941 -0.471269 -0.111842 -0.108404 0.0812864 0.332207 0.494309 
-0.382642 -2.45964 1.80765 -0.888437 1.24392 0.434281 2.94661 0.650794 -0.0606236 -0.0581097 1.31007 2.34001 -0.164391 -2.92301 -0.347302 -1.48431 1.47071 3.22923 -0.268484 -0.391396 -1.36237 
