4
2 15 20 1 
-0.460399 
0.0952823 
-0.186602 -0.148385 -0.687833 
0.183676 -0.983323 -0.156618 
-0.815616 2.05215 2.06483 
-0.246667 0.856411 0.697609 
-0.60614 1.62769 1.52578 
0.813017 -1.9959 -2.1041 
-0.225477 0.665348 1.3367 
-0.37273 0.419253 0.229801 
0.106454 -0.874716 -0.715217 
-0.261013 -0.317656 0.00140726 
0.460915 0.131393 -0.481408 
-0.0474839 0.696382 0.667697 
0.506543 -1.23542 -1.32163 
0.477531 -1.6917 -1.41332 
-0.200978 0.217645 -0.391513 
-0.294124 -0.619736 -0.0300364 1.17407 0.632611 1.00105 -0.934976 0.593204 0.563711 -0.56276 -0.399516 0.18621 0.316254 -0.997867 -0.746583 -0.564754 
0.373793 0.158123 0.362038 -1.03343 -0.481403 -0.324984 0.784209 -0.130319 0.23059 -0.207949 -0.142259 0.309019 0.0598506 -0.10853 0.260757 0.191037 
0.343992 -0.606392 -0.118472 0.316057 0.309131 0.654228 -0.56546 0.457368 0.27739 -0.576067 0.160787 0.411682 -0.0764703 -0.732649 -0.998977 -0.382681 
-0.253301 -0.1647 0.203651 -0.735475 -0.0033513 -0.588772 0.94388 -0.0129213 -0.517382 0.599281 0.259569 0.356906 0.160554 0.151187 0.312622 -0.315151 
0.482857 0.329909 0.23651 -0.210547 -0.550713 -0.645343 0.332178 -0.438564 -0.20671 0.157188 0.379615 -0.240006 -0.31504 -0.149424 0.0697776 0.425834 
-0.439572 -0.428282 -0.364571 0.378495 -0.18154 0.13147 -0.252787 0.283095 -0.0981493 0.372893 0.171498 -0.0198416 0.108101 -0.317926 -0.541546 -0.354997 
0.38933 -0.273311 0.140932 -0.287601 -0.493703 0.14845 -0.194747 -0.484226 -0.400146 -0.0673977 -0.310793 0.141167 -0.123552 0.238288 -0.136088 0.00676409 
-0.0706253 -0.0616433 -0.68889 0.950791 0.254174 1.26479 -1.14056 0.288734 0.315404 -0.314195 -0.0747465 -0.247008 0.678914 -0.959021 -1.09118 0.250881 
0.406026 -0.402996 -0.330591 0.695135 0.20547 0.142116 -0.565282 0.178801 0.133627 -0.0999895 0.323444 -0.134641 -0.0142684 -0.713852 -0.507438 -0.186578 
-0.269652 0.390932 0.462241 -1.46872 -0.234445 -0.84785 1.26073 -0.540581 0.272024 0.948951 0.251677 -0.0841673 -0.458615 0.943806 0.787567 -0.146373 
0.171357 0.287865 -0.44845 0.85198 0.126588 0.580424 -1.16869 0.835219 -0.1899 -0.670866 -0.154651 -0.283183 0.355182 0.0155842 -1.0058 -0.229545 
0.390315 0.180782 0.258846 -0.519325 -0.571674 0.0138617 0.385898 -0.599103 -0.240665 -0.25612 -0.333693 0.279681 -0.0785148 0.299581 0.454563 -0.00416957 
-0.164128 -0.0484856 0.480491 0.358798 0.540257 0.382444 -0.662901 0.118127 -0.337885 -0.327998 -0.258404 -0.397567 -0.0755375 -0.553096 -0.428626 -0.131899 
-0.455154 -0.258157 -0.176463 -0.347301 -0.246671 -0.285883 0.0777631 0.0227075 -0.168155 -0.103345 -0.177034 -0.447596 -0.50039 0.235817 -0.425757 0.0551825 
-0.264246 0.268061 0.227887 1.31325 0.451278 0.560254 -1.31688 0.337529 -0.0996231 -0.402701 -0.188818 -0.292109 0.544315 -0.694447 -0.830635 -0.0260588 
-0.193455 0.281358 0.454733 -0.505159 -0.00411919 -0.399074 0.820655 -0.580265 0.080453 -0.0777854 0.20414 0.252231 0.0432726 0.214182 0.726276 -0.293684 
0.423425 -0.0781893 0.158603 0.0193632 0.0166757 -0.239526 -0.254787 -0.382398 -0.0682517 -0.225844 -0.00744451 -0.496148 -0.427485 -0.35168 -0.0769094 0.00673914 
0.0377321 0.0044228 0.193943 0.313817 -0.0756937 0.565372 0.0438539 0.172136 0.257304 -0.423075 -0.492938 -0.364011 -0.0680713 0.120766 -0.0344948 0.167799 
0.0401103 -0.363382 -0.170611 -0.203812 -0.446991 0.243932 0.6398 -0.0758548 -0.480819 -0.241509 -0.342679 0.51672 -0.517269 0.390685 -0.246296 -0.166167 
0.10835 0.197336 0.480727 -0.388271 -0.0751772 -0.450815 0.418647 -0.0587901 0.113861 -0.193695 -0.193603 0.00906272 0.218887 0.109613 0.375583 -0.4251 
0.34705 -2.41513 1.41801 -1.51302 1.47973 1.05278 -0.623436 0.303816 -2.51654 -1.1245 2.9658 -1.87297 1.10553 -0.910832 0.281806 -2.20056 1.53656 -0.0103946 -0.23452 0.646567 0.909844 
