4
2 15 20 1 
0.141059 
-0.32589 
-0.288913 -0.530887 0.147118 
0.162319 0.762395 0.235802 
-0.433998 0.550129 0.761399 
-0.0635808 1.00296 0.702042 
-0.530022 1.32034 1.54811 
0.0726345 0.430234 0.998729 
0.745038 -1.83041 -1.90271 
0.880827 -2.28262 -1.77755 
-0.300001 -0.00551695 -0.296513 
-0.176257 1.35975 0.967676 
-0.257522 0.0224193 -0.13965 
0.271721 0.24231 0.625361 
0.0557791 0.199788 -0.698018 
-0.708465 1.66138 1.90379 
0.130941 -0.885906 -1.19613 
-0.108002 0.166201 -0.405049 0.356819 -0.475944 -0.423524 -0.477514 0.58527 -0.0416447 0.269527 -0.363147 0.222573 -0.0699679 0.146159 0.39114 -0.177473 
-0.66947 -0.380524 0.485738 0.306847 0.547815 1.16787 0.655924 -1.40154 -1.70218 -0.402931 0.75604 -0.461699 0.210155 -0.209214 1.44235 -0.898387 
0.470714 0.20956 -0.00808548 -0.476731 -0.525081 -0.387035 0.136626 0.64996 0.712941 0.138235 -0.830165 0.247087 -0.00764776 0.163723 -0.790205 0.228373 
-0.46517 -0.416342 -0.39514 0.378152 -0.261884 -0.195588 0.291385 -0.358628 -0.405093 -0.424307 -0.260786 -0.129602 0.371445 -0.186673 0.196111 0.135392 
-0.253255 -0.163328 0.401138 0.0229784 -0.120701 -0.30893 0.191451 -0.343251 0.00858828 -0.29744 0.427844 0.421259 -0.417936 0.0289726 0.386389 -0.153938 
-0.174108 0.281965 -0.174143 0.301363 0.518601 -0.0979722 -0.0856104 0.0311737 0.00942351 -0.246944 -0.384843 0.225158 0.0836287 -0.0275705 0.426766 0.400891 
0.17277 0.0586811 0.241063 0.0619916 0.184147 0.542161 -0.0788856 -0.956328 -0.971189 -0.432512 0.563266 -0.388297 0.121555 0.163669 0.881785 -0.985669 
-0.482136 -0.144185 0.324991 -0.167863 -0.205356 -0.275665 0.199328 0.0244513 0.187026 0.0210018 -0.193377 0.171709 -0.302191 0.132671 0.236079 0.269944 
-0.255721 -0.405629 0.255287 0.12672 0.415557 0.388087 0.519403 -1.02602 -1.11405 0.13437 0.402907 0.180889 -0.265931 0.173311 0.516962 -0.203281 
0.157095 0.156346 -0.124618 0.283263 0.0485453 0.528354 0.0513559 -0.503571 -0.515865 0.390505 -0.484084 -0.484174 0.142747 0.0927159 0.461083 0.179217 
0.60862 0.347825 -0.0218954 -0.616896 0.193465 -0.828282 -0.254791 0.69123 1.14998 -0.0349279 -0.871555 -0.155666 -0.0943023 0.362244 -0.869294 0.197804 
0.187736 -0.198805 0.189418 0.310891 0.256491 -0.209311 0.40981 0.35064 0.123454 -0.148922 -0.136521 -0.51362 0.383387 0.451401 0.488002 0.151016 
-0.0120338 0.0730249 0.320586 0.302779 0.473751 0.281669 -0.382329 -0.831672 -0.442785 -0.277014 0.713895 -0.345054 0.304837 -0.303206 0.228739 -0.596486 
-0.325466 0.190929 0.38843 0.606316 -0.27374 0.602691 0.0645926 0.0292419 -0.492676 0.212346 -0.155169 -0.268561 -0.191716 -0.477482 0.659309 -0.677004 
-0.0987798 0.485249 0.220311 -0.255682 -0.652163 -0.440879 -0.402162 0.90722 0.558624 -0.00787065 -0.0524901 -0.220009 0.174932 0.037746 -0.631592 0.860726 
0.172549 -0.235709 0.030238 0.241016 -0.370755 -0.418762 -0.600028 1.23338 1.30108 0.17121 -0.195915 -0.233909 -0.268237 -0.109137 -0.938213 0.592796 
0.321116 0.265985 -0.185033 0.0498462 -0.389556 0.366076 -0.143314 0.0296852 0.287021 0.301431 -0.181453 -0.362618 -0.282688 0.476835 0.386188 -0.182234 
-0.171409 0.181954 0.0656253 -0.136256 0.157901 -0.750356 -0.446257 0.908608 1.01785 0.552303 -0.563247 -0.243502 -0.162793 0.233581 -0.237699 0.0915252 
-0.550697 0.00720269 0.387771 0.235551 0.642445 0.34228 -0.111683 -1.11699 -1.08496 0.352037 0.307121 0.330885 0.404803 -0.60382 0.865142 -0.259096 
-0.129127 -0.0168981 -0.426669 -0.0139339 0.331866 -0.55048 0.147172 -0.269775 0.614735 -0.425445 0.0625686 0.268088 -0.495028 0.184631 -0.321943 -0.330855 
-0.41062 -0.524728 3.44645 -1.74435 0.0618819 0.257258 -0.0412511 1.89732 -0.359112 1.68456 0.5093 -2.09866 -0.0883267 1.17974 0.857243 -1.6987 -2.24551 -0.163739 -1.67639 1.86084 -0.514411 
