5
2 3 5 2 1 
2 0 2 0 
1
-0.327246 1 0 0 1
-0.0324862 1 0 0 1
-1.09879 1.30572 0.666978 1.15091 -0.0129843 -0.0107954 0.246312
-0.00908237 -0.168226 -0.707975 1.06644 0.00335308 -0.0107954 0.246312
0.256027 0.37138 -0.191605 1.05053 0.0103115 -0.0107954 0.246312
0.553785 -1.427 0.411989 0.934173 1.70721 0.0550791 0.517109 0.0767239
-0.135919 0.736222 -0.618596 0.0818147 1.22664 -0.00245055 0.517109 0.0767239
-0.123838 -0.675315 0.768383 -0.347065 1.33003 -0.026436 0.517109 0.0767239
-0.318915 0.362937 0.0312193 -0.377766 1.1524 -0.0339436 0.517109 0.0767239
0.0273357 0.589506 -0.663671 0.363831 1.21863 0.0224567 0.517109 0.0767239
0.183055 4.36539 -1.32566 -0.342556 -1.79696 -0.110803 2.12706 -0.521685 0.0398555 1.12746
-0.123471 0.906558 -1.85723 2.79872 0.499449 -2.23379 1.78184 0.331652 0.0398555 1.12746
-2.70583 6.21601 -4.83698 1 0 0 1
