5
2 3 5 2 1 
2 0 2 0 
0
0.960828 1 0 0 1
0.631402 1 0 0 1
0.511245 0.593185 0.28808 1 0 0 1
-1.19914 3.05032 -2.97182 1 0 0 1
1.00402 2.51274 -2.11136 1 0 0 1
-0.407698 0.0531604 0.403042 0.094595 1 0 0 1
-1.07439 -0.32129 -1.94877 1.92243 1 0 0 1
0.770267 0.314288 1.65472 -1.72782 1 0 0 1
0.33626 0.346305 1.11554 -1.64211 1 0 0 1
0.0386244 0.0458762 0.590798 -1.01858 1 0 0 1
0.173902 0.082444 2.01493 -1.62694 -1.33674 -0.589283 1 0 0 1
0.357683 -0.259325 2.5912 -2.13041 -1.56692 -0.941834 1 0 0 1
-0.00228912 -3.28505 -4.36247 1 0 0 1
