4
2 15 20 1 
-0.206376 
-0.156446 
-0.164441 -0.277645 0.0174007 
0.178211 -2.52867 -2.83161 
0.838353 -1.3779 -0.471775 
-0.336179 -0.201892 -0.632962 
-0.787618 1.11019 0.62459 
-0.189112 -0.463845 -0.0947455 
0.229896 1.21082 -0.137322 
-1.52354 2.85967 -4.04085 
-1.12175 2.09402 0.28532 
-0.485216 1.71115 0.0275507 
-0.546173 0.127672 -1.00317 
-1.47501 4.35809 4.63715 
0.429156 -0.201469 -0.167255 
0.273931 -0.879767 -0.391152 
-1.4956 1.39885 0.951923 
-0.0904784 -0.314017 0.291083 -0.108366 0.37917 0.127486 0.220699 0.790151 -1.2907 1.29519 0.584782 -0.0497176 -1.72618 -0.332436 -0.472497 0.882332 
-0.00212738 -0.0512349 0.8954 -0.647283 0.310419 0.563753 -0.307664 0.910122 -1.52958 1.34735 1.13103 -0.321451 -2.09827 -0.377944 -0.177825 0.617295 
-0.0465249 -0.518824 -0.307177 0.251263 -0.392101 0.212264 0.357435 0.37044 0.13334 -0.485128 -0.445688 -0.233932 -0.521759 -0.398011 -0.157579 -0.364068 
-0.0746822 0.374032 0.713384 -0.83665 -0.290585 0.532184 -0.35817 0.163779 -1.22943 0.92599 0.618262 0.0987066 -1.02239 0.175177 -0.248826 0.297985 
-0.186208 0.296986 -0.0640054 -0.384818 -0.484238 0.353482 -0.447509 0.201794 -0.494322 -0.173613 -0.0311526 -0.344925 -0.0446416 -0.370894 0.105395 -0.151553 
-0.0731546 0.275269 -0.158901 0.380995 -0.498529 0.0864144 0.0997318 -0.0815998 0.319486 -0.373417 -0.566372 0.404729 0.301628 0.131097 -0.0155695 -0.529064 
-0.40546 -0.455704 -0.35394 0.403073 -0.359407 -0.0679087 -0.456011 0.326418 0.131153 -0.502028 -0.407257 0.408245 -0.321246 -0.478675 0.0581755 -0.242559 
0.217249 -0.0929109 -0.729511 -0.119326 -0.233727 -0.58458 -0.171185 -0.369881 0.896525 -0.0781932 -0.338311 0.0212342 0.905328 0.244027 0.64528 -0.836193 
-0.256246 0.109 -0.898533 0.497173 -0.23246 -0.0671612 -0.160274 -0.195415 1.35129 -0.342585 -0.994799 0.543006 1.24865 0.360238 -0.163465 -0.867402 
-0.159682 0.330302 0.671837 -0.475868 0.0946472 -0.218483 0.156191 0.70054 -0.967577 0.32419 0.576543 -0.329164 -1.20607 0.391649 -0.395325 0.728878 
0.168276 -0.309228 0.871448 -0.414703 -0.20489 0.685075 -0.374516 -0.117703 -0.517037 0.58238 0.380775 0.0139167 -1.12499 0.612923 -0.21195 -0.083491 
-0.347382 0.419414 -0.70424 0.272955 0.504749 -0.97545 0.605773 -0.921053 2.01548 -1.20482 -0.90396 0.526151 2.41717 0.327258 -0.112746 -1.24854 
0.174619 -0.0907055 0.142062 -0.350862 -0.330454 -0.0176272 -0.441675 -0.316861 -0.649944 0.570448 0.055848 0.208516 -0.420864 0.143609 -0.209926 -0.376015 
0.45452 -0.423618 0.580426 -0.630439 -0.34024 0.696798 0.349897 0.0796219 -1.28429 0.423818 0.767083 0.183655 -1.4687 0.349339 -0.469913 0.393568 
0.233796 -0.171435 -0.942008 0.73352 0.193932 -0.76259 -0.474864 0.0970475 1.21986 -0.577583 -0.561876 -0.000515693 1.04104 -0.0587558 0.183089 -0.748288 
0.194401 -0.030031 1.44152 0.592007 0.691283 -0.336274 0.000151286 -0.091687 -0.325239 -0.419874 0.0450588 0.168094 -2.2519 -0.115097 0.39023 -0.832153 
0.0779861 -0.323363 0.535053 -0.629943 0.392906 -0.631839 0.167934 -0.247403 0.247889 -0.300409 -0.540142 -0.128907 -0.502154 0.111085 -0.485579 0.356989 
-0.328387 -0.218596 -0.968434 0.381248 0.475686 -0.835794 0.532559 -0.278608 0.934601 -0.981347 -0.197692 0.111073 1.59379 -0.265829 0.543351 -0.54232 
-0.406922 -0.419925 -0.714622 0.716947 0.386354 0.0776306 -0.118392 -0.670427 0.639467 -0.419495 -0.241274 -0.153331 0.990379 0.126804 0.572042 -0.293679 
0.211619 -0.0980101 -0.0405233 -0.236982 0.369964 -0.354882 -0.131947 -0.425436 0.133852 0.188944 0.29212 -0.531644 -0.819456 0.0557073 -0.512446 0.0299163 
0.265488 -2.7035 -3.45801 -0.0682556 -2.17621 -0.31962 0.77332 0.0937575 1.63609 2.2855 -1.95679 -1.70411 3.98186 -0.783271 -2.30344 2.17277 -2.44198 -0.373404 2.5134 1.59307 -0.58045 
